# vim:ft=dircolors
# (This is not a dircolors file but it helps to highlight colors and comments)

# default values from lf (with matching order)
ln      01;36   # LINK
or      31;01   # ORPHAN
tw      38;2;122;162;247   # STICKY_OTHER_WRITABLE
ow      38;2;122;162;247   # OTHER_WRITABLE
st      38;2;122;162;247   # STICKY
di      38;2;122;162;247   # DIR
pi      33      # FIFO
so      01;35   # SOCK
bd      33;01   # BLK
cd      33;01   # CHR
su      01;32   # SETUID
sg      01;32   # SETGID
ex      01;32   # EXEC
fi      38;2;190;190;230      # FILE


'*.cts'                            38;2;81;154;186
'*.cobol'                          38;2;0;92;165
'*.exe'                            38;2;159;5;0
'*.bzl'                            38;2;137;224;81
'*.erl'                            38;2;184;57;152
'*.jl'                             38;2;162;112;186
'*.pro'                            38;2;228;184;84
'*.drl'                            38;2;255;175;175
'*.kts'                            38;2;127;82;255
'*.zsh'                            38;2;137;224;81
'*.htm'                            38;2;227;76;38
'*.epp'                            38;2;255;166;26
'*.md'                             38;2;255;255;255
'*.tbc'                            38;2;30;92;179
'*.lock'                           38;2;187;187;187
'*.yml'                            38;2;109;128;134
'*.hbs'                            38;2;240;119;43
'*.mjs'                            38;2;241;241;52
'*.kt'                             38;2;127;82;255
'*.cob'                            38;2;0;92;165
'*.f#'                             38;2;81;154;186
'*.mp3'                            38;2;102;216;239
'*.yaml'                           38;2;109;128;134
'*.vsh'                            38;2;93;135;191
'*.lua'                            38;2;81;160;207
'*.ejs'                            38;2;203;203;65
'*.pyi'                            38;2;255;188;3
'*.xml'                            38;2;227;121;51
'*.xlsx'                           38;2;35;189;108
'*.xls'                            38;2;35;189;108
'*.xcplayground'                   38;2;227;121;51
'*.cjs'                            38;2;241;241;52
'*.psd'                            38;2;81;154;186
'*.mustache'                       38;2;227;121;51
'*.cbl'                            38;2;0;92;165
'*.xaml'                           38;2;81;43;212
'*.csh'                            38;2;77;90;94
'*.woff2'                          38;2;236;236;236
'*.woff'                           38;2;236;236;236
'*.webpack'                        38;2;81;154;186
'*.webp'                           38;2;160;116;196
'*.webmanifest'                    38;2;241;224;90
'*.coffee'                         38;2;203;203;65
'*.webm'                           38;2;253;151;31
'*.fsi'                            38;2;81;154;186
'*.elm'                            38;2;81;154;186
'*.fsx'                            38;2;81;154;186
'*.psd1'                           38;2;105;117;196
'*.dump'                           38;2;218;216;216
'*.vue'                            38;2;141;193;73
'*.jsx'                            38;2;32;194;227
'*.java'                           38;2;204;62;68
'*.vim'                            38;2;1;152;51
'*.m4v'                            38;2;253;151;31
'*.spec.tsx'                       38;2;19;84;191
'*.csproj'                         38;2;81;43;212
'*.azcli'                          38;2;0;120;212
'*.vhdl'                           38;2;1;152;51
'*.jpg'                            38;2;160;116;196
'*.vh'                             38;2;1;152;51
'*.dart'                           38;2;3;88;156
'*.vala'                           38;2;114;57;179
'*.db'                             38;2;218;216;216
'*.v'                              38;2;1;152;51
'*.txt'                            38;2;137;224;81
'*.twig'                           38;2;141;193;73
'*.pyx'                            38;2;90;167;228
'*.json5'                          38;2;203;203;65
'*.pxd'                            38;2;90;167;228
'*.templ'                          38;2;219;189;48
'*.cxx'                            38;2;81;154;186
'*.tsx'                            38;2;19;84;191
'*.tscn'                           38;2;160;116;196
'*.cr'                             38;2;200;200;200
'*.hpp'                            38;2;160;116;196
'*.bazel'                          38;2;137;224;81
'*.ts'                             38;2;81;154;186
'*.app'                            38;2;159;5;0
'*.nix'                            38;2;126;186;228
'*.cpp'                            38;2;81;154;186
'*.m4a'                            38;2;102;216;239
'*.ps1'                            38;2;66;115;202
'*.bat'                            38;2;193;241;46
'*.cpy'                            38;2;0;92;165
'*.luau'                           38;2;0;162;255
'*.tres'                           38;2;203;203;65
'*.haml'                           38;2;234;234;225
'*.sql'                            38;2;218;216;216
'*.tfvars'                         38;2;95;67;233
'*.aac'                            38;2;102;216;239
'*.tf'                             38;2;95;67;233
'*.tex'                            38;2;61;97;23
'*.mp4'                            38;2;253;151;31
'*.opus'                           38;2;248;138;2
'*.test.jsx'                       38;2;32;194;227
'*.ppt'                            38;2;203;74;50
'*.pyo'                            38;2;255;226;145
'*.test.tsx'                       38;2;19;84;191
'*.applescript'                    38;2;109;128;133
'*.gql'                            38;2;229;53;171
'*.test.ts'                        38;2;81;154;186
'*.json'                           38;2;203;203;65
'*.html'                           38;2;228;77;38
'*.cc'                             38;2;243;75;125
'*.fs'                             38;2;81;154;186
'*.hh'                             38;2;160;116;196
'*.tcl'                            38;2;30;92;179
'*.cs'                             38;2;89;103;6
'*.desktop'                        38;2;86;61;124
'*.pck'                            38;2;109;128;134
'*.sqlite'                         38;2;218;216;216
'*.rake'                           38;2;112;21;22
'*.cljd'                           38;2;81;154;186
'*.swift'                          38;2;227;121;51
'*.vhd'                            38;2;1;152;51
'*.cljc'                           38;2;141;193;73
'*.js'                             38;2;241;241;52
'*.awk'                            38;2;77;90;94
'*.hs'                             38;2;160;116;196
'*.f90'                            38;2;115;79;150
'*.gnumakefile'                    38;2;109;128;134
'*.makefile'                       38;2;109;128;134
'*.doc'                            38;2;111;149;240
'*.pxi'                            38;2;90;167;228
'*.nswag'                          38;2;133;234;45
'*.svelte'                         38;2;255;62;0
'*.log'                            38;2;255;255;255
'*.jpeg'                           38;2;160;116;196
'*.jsonc'                          38;2;203;203;65
'*.svg'                            38;2;255;177;59
'*.styl'                           38;2;141;193;73
'*.rs'                             38;2;222;165;132
'*.png'                            38;2;160;116;196
'*.t'                              38;2;81;154;186
'*.end'                            38;2;81;154;186
'*.docx'                           38;2;111;149;240
'*.spec.jsx'                       38;2;32;194;227
'*.spec.js'                        38;2;203;203;65
'*.c++'                            38;2;243;75;125
'*.cp'                             38;2;81;154;186
'*.fish'                           38;2;77;90;94
'*.sh'                             38;2;77;90;94
'*.fnl'                            38;2;255;243;215
'*.ex'                             38;2;160;116;196
'*.scss'                           38;2;245;83;133
'*.h'                              38;2;160;116;196
'*.license'                        38;2;203;203;65
'*LICENSE'                         38;2;203;203;65
'*.sln'                            38;2;133;76;199
'*.c'                              38;2;89;158;255
'*.d'                              38;2;66;120;25
'*.slim'                           38;2;227;76;38
'*.sig'                            38;2;227;121;51
'*.sol'                            38;2;81;154;186
'*.scm'                            38;2;238;238;238
'*.bash'                           38;2;137;224;81
'*.r'                              38;2;34;102;186
'*.scala'                          38;2;204;62;68
'*.sbt'                            38;2;204;62;68
'*.leex'                           38;2;160;116;196
'*.hrl'                            38;2;184;57;152
'*.ogg'                            38;2;102;216;239
'*.cmake'                          38;2;109;128;134
'*.sqlite3'                        38;2;218;216;216
'*.rproj'                          38;2;53;138;91
'*.import'                         38;2;236;236;236
'*.psb'                            38;2;81;154;186
'*.rlib'                           38;2;222;165;132
'*.resi'                           38;2;245;83;133
'*.pm'                             38;2;81;154;186
'*.eot'                            38;2;236;236;236
'*.mkv'                            38;2;253;151;31
'*.razor'                          38;2;81;43;212
'*.spec.ts'                        38;2;81;154;186
'*.markdown'                       38;2;81;154;186
'*.query'                          38;2;144;168;80
'*.ttf'                            38;2;236;236;236
'*.pyd'                            38;2;255;226;145
'*.pyc'                            38;2;255;226;145
'*.otf'                            38;2;236;236;236
'*.erb'                            38;2;112;21;22
'*.conf'                           38;2;109;128;134
'*.mk'                             38;2;109;128;134
'*.elf'                            38;2;159;5;0
'*.psm1'                           38;2;105;117;196
'*.cshtml'                         38;2;81;43;212
'*.py'                             38;2;255;188;3
'*.cljs'                           38;2;81;154;186
'*.R'                              38;2;34;102;186
'*.ai'                             38;2;203;203;65
'*.pp'                             38;2;255;166;26
'*.res'                            38;2;204;62;68
'*.pl'                             38;2;81;154;186
'*.php'                            38;2;160;116;196
'*.pdf'                            38;2;241;95;122
'*.cson'                           38;2;203;203;65
'*.git'                            38;2;241;76;40
'*.org'                            38;2;119;170;153
'*.nim'                            38;2;243;212;0
'*.mts'                            38;2;81;154;186
'*.mov'                            38;2;253;151;31
'*.mo'                             38;2;151;114;251
'*.terminal'                       38;2;49;181;62
'*.gemspec'                        38;2;112;21;22
'*.ml'                             38;2;227;121;51
'*.rb'                             38;2;112;21;22
'*.flac'                           38;2;102;216;239
'*.clj'                            38;2;141;193;73
'*.fsscript'                       38;2;81;154;186
'*.prisma'                         38;2;255;255;255
'*.mint'                           38;2;135;192;149
'*.gif'                            38;2;160;116;196
'*.sublime'                        38;2;227;121;51
'*.lhs'                            38;2;160;116;196
'*.material'                       38;2;184;57;152
'*.graphql'                        38;2;229;53;171
'*.xul'                            38;2;227;121;51
'*.sv'                             38;2;1;152;51
'*.liquid'                         38;2;149;191;71
'*.sml'                            38;2;227;121;51
'*.less'                           38;2;86;61;124
'*.eex'                            38;2;160;116;196
'*.sass'                           38;2;245;83;133
'*.bib'                            38;2;203;203;65
'*.ksh'                            38;2;77;90;94
'*.huff'                           38;2;66;66;199
'*.css'                            38;2;66;165;245
'*.jxl'                            38;2;160;116;196
'*.config.ru'                      38;2;112;21;22
'*.test.js'                        38;2;203;203;65
'*.mdx'                            38;2;81;154;186
'*.suo'                            38;2;133;76;199
'*.wasm'                           38;2;92;76;219
'*.bmp'                            38;2;160;116;196
'*.ini'                            38;2;109;128;134
'*.rmd'                            38;2;81;154;186
'*.ico'                            38;2;203;203;65
'*.hxx'                            38;2;160;116;196
'*.godot'                          38;2;109;128;134
'*.go'                             38;2;81;154;186
'*.toml'                           38;2;255;255;255
'*.rss'                            38;2;251;157;59
'*.mli'                            38;2;227;121;51
'*.heex'                           38;2;160;116;196
'*.hurl'                           38;2;255;2;136
'*.glb'                            38;2;255;177;59
'*.cfg'                            38;2;236;236;236
'*.out'                            38;2;159;5;0
'*.gd'                             38;2;109;128;134
'*.svh'                            38;2;1;152;51
'*.exs'                            38;2;160;116;196
'*.zig'                            38;2;246;154;27
'*.wav'                            38;2;102;216;239
'*.dropbox'                        38;2;0;97;254
'*.diff'                           38;2;65;83;91
'*.Dockerfile'                     38;2;69;142;230
'*.csv'                            38;2;137;224;81
'*.bashrc'                         38;2;137;224;81
'*compose.yaml'                    38;2;69;142;230
'*package-lock.json'               38;2;122;13;33
'*copying.lesser'                  38;2;203;203;65
'*favicon.ico'                     38;2;203;203;65
'*webpack'                         38;2;81;154;186
'*.editorconfig'                   38;2;255;255;255
'*vagrantfile$'                    38;2;21;99;255
'*.bash_profile'                   38;2;137;224;81
'*mix.lock'                        38;2;160;116;196
'*unlicense'                       38;2;208;191;65
'*.npmignore'                      38;2;232;39;75
'*tailwind.config.js'              38;2;32;194;227
'*docker-compose.yaml'             38;2;69;142;230
'*docker-compose.yml'              38;2;69;142;230
'*procfile'                        38;2;160;116;196
'*workspace'                       38;2;137;224;81
'*.gitattributes'                  38;2;65;83;91
'*copying'                         38;2;203;203;65
'*.gitlab-ci.yml'                  38;2;226;67;41
'*.settings.json'                  38;2;133;76;199
'*r'                               38;2;34;102;186
'*gruntfile'                       38;2;227;121;51
'*.babelrc'                        38;2;203;203;65
'*.gitconfig'                      38;2;65;83;91
'*package.json'                    38;2;232;39;75
'*gemfile$'                        38;2;112;21;22
'*py.typed'                        38;2;255;188;3
'*dockerfile'                      38;2;69;142;230
'*gulpfile'                        38;2;204;62;68
'*.zprofile'                       38;2;137;224;81
'*.zshrc'                          38;2;137;224;81
'*.xinitrc'                        38;2;137;224;81
'*.ds_store'                       38;2;65;83;91
'*.dockerignore'                   38;2;69;142;230
'*license'                         38;2;208;191;65
'*.eslintrc'                       38;2;75;50;195
'*.luaurc'                         38;2;0;162;255
'*node_modules'                    38;2;232;39;75
'*.zshenv'                         38;2;137;224;81
'*svelte.config.js'                38;2;255;62;0
'*rmd'                             38;2;81;154;186
'*containerfile'                   38;2;69;142;230
'*compose.yml'                     38;2;69;142;230
'*cmakelists.txt'                  38;2;109;128;134
'*.gitmodules'                     38;2;65;83;91
'*.env'                            38;2;250;247;67
'*.gitignore'                      38;2;65;83;91
'*commit_editmsg'                  38;2;65;83;91
'*rakefile'                        38;2;112;21;22
'*brewfile'                        38;2;112;21;22
'*tsconfig.json'                   38;2;81;154;186
'*R'                               38;2;34;102;186
'*_vimrc'                          38;2;1;152;51
'*avif'                            38;2;160;116;196
'*gnumakefile'                     38;2;109;128;134
'*makefile'                        38;2;109;128;134
'*build'                           38;2;137;224;81
'*.vimrc'                          38;2;1;152;51
'*.eslintignore'                   38;2;75;50;195
'*_gvimrc'                         38;2;1;152;51
'*.gvimrc'                         38;2;1;152;51
'*.npmrc'                          38;2;232;39;75
'*.yarnrc'                         38;2;170;36;236
'*.old'                            38;2;181;88;191
'*.drawio'                         38;2;255;160;122
'*.plantuml'                       38;2;71;216;100
'*.wsd'                            38;2;71;216;100
'*.iuml'                           38;2;71;216;100
'*.pu'                             38;2;71;216;100
'*.puml'                           38;2;71;216;100
'~/.config/i3/config'              38;2;137;224;81
